This file contains the  votes from the 
WD Smith, JN Quintal, D Greene 
Range- and Approval-voting presidential
pseudo-elections of 2 Nov 2004.

We now explain the data format.

RANGE VOTING (Smith 68 from Port Jefferson Station & East Setauket NY 
         and Greene 54 from Cedarhurst NY):

Each line represents a single vote and is of the 8-entry form
(7 numerical entries and one character-entry):

Bu Ke Na Ba Co Pe Ca YNX

where 
Bu=vote for Bush     (0-100;  and  -1 represents "left it blank")
Ke=vote for Kerry    (0-100;  and  -1 represents "left it blank")
Na=vote for Nader    (0-100;  and  -1 represents "left it blank")
Co=vote for Cobb     (0-100;  and  -1 represents "left it blank")
Pe=vote for Peroutka (0-100;  and  -1 represents "left it blank")
Ca=vote for Calero   (0-100;  and  -1 represents "left it blank")
YNX=one of the three characters {Y,N,X} to indicate that range voting is
respectively  better, worse, or don't know than the present plurality system.

APPROVAL VOTING  (Quintal 656 from Philadelphia PA suburbs mostly in Delaware County):
Same format as range, except for the following changes:
(1) all votes are 0 or 100, intermediate values such as 67 do not occur.
(2) Calero was not a candidate.  Therefore the Ca entry has been replaced with
    the ballot number from 1 to 656 (there were 656 approval votes total).
(3) YNX is for the superiority of approval voting versus plurality.
=================================================================================

656
0 100 100 0 0 0 1 Y
0 100 100 0 0 0 2 Y
0 100 100 0 0 0 3 Y
0 100 100 0 0 0 4 Y
0 100 100 0 0 0 5 Y
0 100 0 0 0 0 6 Y
0 100 0 0 0 0 7 Y
0 100 0 0 0 0 8 Y
0 100 0 0 0 0 9 Y
0 100 0 0 0 0 10 Y
0 100 100 0 0 0 11 Y
0 100 100 0 0 0 12 Y
0 100 100 0 0 0 13 Y
0 100 100 0 0 0 14 Y
0 100 100 0 0 0 15 Y
0 100 100 0 0 0 16 Y
0 100 0 0 0 0 17 Y
0 100 0 0 0 0 18 Y
100 0 0 0 0 0 19 Y
0 100 100 0 0 0 20 Y
100 0 0 0 0 0 21 Y
100 0 0 0 0 0 22 Y
100 0 0 0 0 0 23 Y
100 0 0 0 0 0 24 Y
-1 -1 0 -1 -1 -1 25 Y
0 100 0 0 0 0 26 Y
100 0 0 0 0 0 27 Y
100 0 0 0 0 0 28 Y
-1 -1 0 -1 -1 -1 29 Y
100 0 0 0 0 0 30 Y
0 100 0 0 0 0 31 Y
0 100 0 0 0 0 32 Y
100 0 0 0 0 0 33 Y
100 0 0 0 0 0 34 Y
100 0 0 0 0 0 35 Y
100 0 0 0 0 0 36 Y
100 0 0 0 0 0 37 Y
100 0 0 0 0 0 38 Y
0 100 0 0 0 0 39 Y
0 100 0 0 0 0 40 Y
0 100 0 0 0 0 41 Y
100 0 0 0 0 0 42 Y
-1 -1 0 -1 -1 -1 43 Y
100 0 0 0 0 0 44 Y
100 0 0 0 0 0 45 Y
100 0 0 0 0 0 46 Y
0 100 0 0 0 0 47 Y
100 0 0 0 0 0 48 Y
100 0 0 0 0 0 49 Y
0 100 0 0 0 0 50 Y
0 100 0 0 0 0 51 Y
0 100 0 0 0 0 52 Y
0 100 0 0 0 0 53 Y
0 100 0 0 0 0 54 Y
0 100 0 0 0 0 55 Y
100 0 0 0 0 0 56 Y
0 100 0 0 0 0 57 Y
0 100 0 0 0 0 58 Y
0 100 0 0 0 0 59 Y
0 100 0 0 0 0 60 Y
100 0 0 0 0 0 61 Y
0 100 0 0 0 0 62 Y
0 100 0 0 0 0 63 Y
0 100 0 0 0 0 64 Y
0 100 0 0 0 0 65 Y
100 100 0 0 0 0 66 Y
-1 -1 0 -1 -1 -1 67 Y
100 0 0 0 0 0 68 Y
0 100 0 0 0 0 69 Y
0 100 0 0 0 0 70 Y
100 0 0 0 0 0 71 Y
100 0 0 0 0 0 72 Y
-1 -1 0 -1 -1 -1 73 Y
0 100 0 0 0 0 74 Y
0 100 0 0 0 0 75 Y
0 100 0 0 0 0 76 Y
0 100 0 0 0 0 77 Y
100 0 0 0 0 0 78 Y
100 0 0 0 0 0 79 Y
0 100 0 0 0 0 80 Y
0 100 0 0 0 0 81 Y
100 0 0 0 0 0 82 Y
100 0 0 0 0 0 83 Y
100 0 0 0 0 0 84 Y
0 100 0 0 0 0 85 Y
0 100 0 0 0 0 86 Y
0 100 0 0 0 0 87 Y
0 100 0 0 0 0 88 Y
100 0 0 0 0 0 89 Y
0 100 0 0 0 0 90 Y
0 100 0 0 0 0 91 Y
0 100 0 0 0 0 92 Y
0 100 0 0 0 0 93 Y
0 100 0 0 0 0 94 Y
0 100 0 0 0 0 95 Y
0 100 0 0 0 0 96 Y
0 100 100 0 0 0 97 Y
0 100 100 0 0 0 98 Y
0 100 100 0 0 0 99 Y
0 100 100 0 0 0 100 Y
0 100 100 0 0 0 101 Y
0 100 100 0 0 0 102 Y
0 100 100 0 0 0 103 Y
0 100 0 0 0 0 104 Y
0 100 0 0 0 0 105 Y
0 100 0 0 0 0 106 Y
100 0 100 0 0 0 107 Y
100 0 100 0 0 0 108 Y
-1 -1 100 -1 -1 -1 109 Y
-1 -1 100 -1 -1 -1 110 Y
-1 -1 100 -1 -1 -1 111 Y
0 100 100 0 0 0 112 Y
0 100 100 0 0 0 113 Y
0 100 100 0 0 0 114 Y
0 100 100 0 0 0 115 Y
0 100 100 0 0 0 116 Y
0 100 100 0 100 0 117 Y
0 100 100 0 100 0 118 Y
0 100 0 0 100 0 119 Y
100 0 100 100 0 100 120 Y
0 100 0 100 0 0 121 Y
0 100 100 0 0 0 122 Y
0 100 100 0 0 0 123 Y
100 0 0 0 0 100 124 Y
0 100 100 0 0 0 125 Y
0 100 100 0 0 0 126 Y
0 100 0 0 0 0 127 Y
0 100 0 0 0 0 128 Y
0 100 0 0 0 0 129 Y
0 100 0 0 0 0 130 Y
100 0 100 0 0 0 131 Y
100 0 100 0 0 0 132 Y
100 0 100 0 0 0 133 Y
0 100 100 100 100 0 134 Y
0 100 100 0 100 0 135 Y
0 100 100 0 100 0 136 Y
0 100 0 0 0 0 137 Y
0 100 0 0 0 0 138 Y
100 0 0 0 0 0 139 Y
100 0 0 0 0 0 140 Y
100 0 0 0 0 0 141 Y
100 0 0 0 0 0 142 Y
-1 -1 0 -1 -1 -1 143 Y
0 100 0 0 0 0 144 Y
0 100 0 0 0 0 145 Y
0 100 0 0 0 0 146 Y
0 100 0 0 0 0 147 Y
100 0 0 0 0 0 148 Y
0 100 0 0 0 0 149 Y
0 100 0 0 0 0 150 Y
0 100 0 0 0 0 151 Y
0 100 0 0 0 0 152 Y
0 100 0 0 0 0 153 Y
100 0 0 0 0 0 154 Y
100 0 0 0 0 0 155 Y
100 0 0 0 0 0 156 Y
0 100 100 0 0 0 157 Y
0 100 100 0 0 0 158 Y
100 0 100 0 0 0 159 Y
100 0 100 0 0 0 160 Y
100 0 100 0 0 0 161 Y
100 0 100 0 0 0 162 Y
100 0 100 0 0 0 163 Y
100 0 100 0 0 0 164 Y
100 0 100 0 0 0 165 Y
100 0 100 0 0 0 166 Y
0 100 100 0 0 0 167 Y
0 100 100 0 0 0 168 Y
0 100 100 0 0 0 169 Y
0 100 100 0 0 0 170 Y
0 100 100 0 0 0 171 Y
0 100 100 0 0 0 172 Y
0 100 100 0 0 0 173 Y
0 100 100 0 0 0 174 Y
0 100 100 0 0 0 175 Y
0 100 100 0 0 0 176 Y
0 100 100 0 0 0 177 Y
0 100 100 0 0 0 178 Y
0 100 100 0 0 0 179 Y
0 100 100 0 0 0 180 Y
0 100 100 0 0 0 181 Y
0 100 100 0 0 0 182 Y
0 100 100 0 0 0 183 Y
0 100 100 0 0 0 184 Y
0 100 100 0 0 0 185 Y
0 100 100 0 0 0 186 Y
0 100 100 0 0 0 187 Y
100 0 100 0 0 0 188 Y
0 100 100 0 0 0 189 Y
0 100 100 0 0 0 190 Y
0 100 100 0 0 0 191 Y
0 100 100 0 0 0 192 Y
0 100 100 0 0 0 193 Y
0 100 100 0 0 0 194 Y
0 100 100 0 0 0 195 Y
0 100 100 0 0 0 196 Y
0 100 0 0 0 0 197 Y
100 0 100 0 0 0 198 Y
100 0 100 0 0 0 199 Y
100 0 100 0 0 0 200 Y
100 0 100 0 0 0 201 Y
100 0 100 0 0 0 202 Y
100 0 100 0 0 0 203 Y
100 0 100 0 0 0 204 Y
0 100 100 0 0 0 205 Y
0 100 100 0 0 0 206 Y
-1 -1 0 -1 -1 -1 207 Y
100 0 0 0 0 0 208 Y
100 0 0 0 0 0 209 Y
0 100 0 0 0 0 210 Y
100 0 0 0 0 0 211 Y
0 100 0 0 0 0 212 Y
100 0 0 0 0 0 213 Y
100 0 0 0 0 0 214 Y
100 0 0 0 0 0 215 Y
0 100 0 0 0 0 216 Y
0 100 0 0 0 0 217 Y
0 100 0 0 0 0 218 Y
0 100 0 0 0 0 219 Y
0 100 0 0 0 0 220 Y
0 100 0 0 0 0 221 Y
0 100 0 0 0 0 222 Y
0 100 0 0 0 0 223 Y
100 0 0 0 0 0 224 Y
100 0 0 0 0 0 225 Y
0 100 0 0 0 0 226 Y
0 100 0 0 0 0 227 Y
0 100 0 0 0 0 228 Y
-1 -1 0 -1 -1 -1 229 Y
0 100 0 0 0 0 230 Y
0 100 0 0 0 0 231 Y
0 100 0 0 0 0 232 Y
-1 -1 0 -1 -1 -1 233 Y
0 100 0 0 0 0 234 Y
0 100 0 0 0 0 235 Y
0 100 0 0 0 0 236 Y
0 100 0 0 0 0 237 X
0 100 0 0 0 0 238 Y
100 0 0 0 0 0 239 X
0 100 0 0 0 0 240 X
-1 -1 0 -1 -1 -1 241 X
0 100 0 0 0 0 242 X
100 0 0 0 0 0 243 X
100 0 0 0 0 0 244 X
100 0 0 0 0 0 245 X
0 100 0 0 0 0 246 X
0 100 -1 0 0 0 247 X
0 100 0 0 0 0 248 X
0 100 0 0 0 0 249 X
0 100 0 0 0 0 250 X
-1 -1 0 -1 -1 -1 251 X
0 100 0 0 0 0 252 X
0 100 0 0 0 0 253 X
0 100 0 0 0 0 254 X
100 0 0 0 0 0 255 X
100 0 0 0 0 0 256 X
100 0 0 0 0 0 257 X
0 100 0 0 0 0 258 X
0 100 0 0 0 0 259 X
0 100 0 0 0 0 260 X
0 100 0 0 0 0 261 X
0 100 0 0 0 0 262 X
0 100 0 0 0 0 263 X
0 100 0 0 0 0 264 X
100 0 0 0 0 0 265 X
0 100 0 0 0 0 266 X
0 100 -1 0 0 0 267 X
-1 -1 0 -1 -1 -1 268 X
100 0 0 0 0 0 269 X
100 0 0 0 0 0 270 X
100 0 0 0 0 0 271 X
0 100 0 0 0 0 272 X
0 100 0 0 0 0 273 X
0 100 0 0 0 0 274 X
0 100 0 0 0 0 275 X
0 100 -1 0 0 0 276 X
0 100 -1 0 0 0 277 X
0 100 -1 0 0 0 278 X
0 100 0 0 0 0 279 X
0 100 0 0 0 0 280 X
0 100 0 0 0 0 281 X
0 100 -1 0 0 0 282 X
100 0 0 0 0 0 283 X
100 0 0 0 0 0 284 X
-1 -1 0 -1 -1 -1 285 X
100 0 0 0 0 0 286 X
0 100 -1 0 0 0 287 X
0 100 -1 0 0 0 288 X
0 100 -1 0 0 0 289 X
0 100 0 0 0 0 290 X
0 100 0 0 0 0 291 X
0 100 0 0 0 0 292 X
0 100 0 0 0 0 293 X
100 0 -1 0 0 0 294 X
100 0 -1 0 0 0 295 X
100 0 -1 0 0 0 296 X
0 100 -1 0 0 0 297 X
0 100 -1 0 0 0 298 X
0 100 0 0 0 0 299 X
0 100 0 0 0 0 300 X
100 0 0 0 0 0 301 X
0 100 0 0 0 0 302 X
0 100 -1 0 0 0 303 X
100 0 0 0 0 0 304 X
0 100 0 0 0 0 305 X
100 0 0 0 0 0 306 X
0 100 0 0 0 0 307 X
100 0 0 0 0 0 308 X
100 0 0 0 0 0 309 X
100 0 0 0 0 0 310 X
100 0 0 0 0 0 311 X
100 0 0 0 0 0 312 X
0 100 0 0 0 0 313 X
0 100 -1 0 0 0 314 X
100 0 0 0 0 0 315 X
100 0 0 0 0 0 316 X
0 100 0 0 0 0 317 X
0 100 0 0 0 0 318 X
100 0 0 0 0 0 319 X
100 0 0 0 0 0 320 X
0 100 0 0 0 0 321 X
0 100 0 0 0 0 322 X
0 100 0 0 0 0 323 X
0 100 -1 0 0 0 324 X
0 100 -1 0 0 0 325 X
100 0 0 0 0 0 326 X
100 0 100 0 0 0 327 X
0 100 0 0 0 0 328 X
0 100 0 0 0 0 329 X
100 0 0 0 0 0 330 X
0 100 0 0 0 100 331 X
100 0 0 0 0 0 332 X
0 100 0 0 0 0 333 X
0 100 0 0 0 0 334 X
0 100 0 0 0 0 335 X
-1 -1 0 -1 -1 -1 336 X
100 0 0 0 0 0 337 X
-1 -1 0 -1 -1 -1 338 X
0 100 0 0 0 0 339 N
0 100 0 0 0 0 340 N
0 100 0 0 0 0 341 N
0 100 0 0 0 0 342 N
0 100 0 0 0 0 343 N
0 100 0 0 0 0 344 N
0 100 0 0 0 0 345 N
0 100 0 0 0 0 346 N
0 100 0 0 0 0 347 N
0 100 0 0 0 0 348 N
100 0 0 0 0 0 349 N
100 0 0 0 0 0 350 N
100 0 0 0 0 0 351 N
0 100 0 0 0 0 352 N
0 100 0 0 0 0 353 N
0 100 0 0 0 0 354 N
0 100 100 0 0 0 355 N
100 0 0 0 0 0 356 N
0 100 0 0 0 0 357 N
-1 -1 0 -1 -1 -1 358 N
0 100 0 0 0 0 359 N
0 100 0 0 0 0 360 N
100 0 0 0 0 0 361 N
0 0 0 0 0 100 362 N
0 100 0 0 0 0 363 N
100 0 0 0 0 0 364 N
100 0 0 0 0 0 365 N
0 100 0 0 0 0 366 N
0 100 0 0 0 0 367 N
0 100 0 0 0 0 368 N
100 0 0 0 0 0 369 N
100 0 0 0 0 0 370 N
100 0 0 0 0 0 371 N
100 0 0 0 0 0 372 N
100 0 0 0 0 0 373 N
100 0 0 0 0 0 374 N
0 100 0 0 0 0 375 N
0 100 0 0 0 0 376 N
100 0 0 0 0 0 377 N
100 0 0 0 0 0 378 N
0 100 0 0 0 0 379 N
0 100 0 0 0 0 380 N
100 0 0 0 0 0 381 N
100 0 0 0 0 0 382 N
100 0 0 0 0 0 383 N
0 100 0 0 0 0 384 N
0 100 0 0 0 0 385 N
0 100 0 0 0 0 386 N
100 0 0 0 0 0 387 N
100 0 0 0 0 0 388 N
100 0 0 0 0 0 389 N
100 0 0 0 0 0 390 N
100 0 0 0 0 0 391 N
100 0 0 0 0 0 392 N
0 100 0 0 0 0 393 N
0 100 0 0 0 0 394 N
0 100 0 0 0 0 395 N
0 100 0 0 0 0 396 N
0 100 0 0 0 0 397 N
0 100 0 0 0 0 398 N
0 100 0 0 0 0 399 N
0 100 0 0 0 0 400 X
0 100 0 0 0 0 401 N
0 100 0 0 0 0 402 N
100 0 0 0 0 0 403 N
100 0 0 0 0 0 404 N
0 100 0 0 0 0 405 N
0 100 0 0 0 0 406 N
0 100 0 0 0 0 407 N
100 0 0 0 0 0 408 N
100 0 0 0 0 0 409 N
100 0 0 0 0 0 410 N
100 0 0 0 0 0 411 N
-1 -1 0 -1 -1 -1 412 Y
0 100 0 0 0 0 413 X
0 100 0 0 0 0 414 N
0 100 0 0 0 0 415 N
100 0 0 0 0 0 416 N
0 100 0 0 0 0 417 N
100 0 0 0 0 0 418 N
100 0 0 0 0 0 419 N
100 0 0 0 0 0 420 N
100 0 0 0 0 0 421 N
100 0 0 0 0 0 422 N
100 0 0 0 0 0 423 N
100 0 0 0 0 0 424 N
0 100 0 0 0 0 425 N
100 0 0 0 0 0 426 N
100 0 0 0 0 0 427 N
0 100 0 0 0 0 428 N
0 100 0 0 0 0 429 N
0 100 0 0 0 0 430 N
0 100 0 0 0 0 431 N
0 100 0 0 0 0 432 N
0 100 0 0 0 0 433 N
100 0 0 0 0 0 434 N
100 0 0 0 0 0 435 N
100 0 0 0 0 0 436 N
100 0 0 0 0 0 437 N
100 0 0 0 0 0 438 N
100 0 0 0 0 0 439 N
100 0 0 0 0 0 440 N
100 0 0 0 0 0 441 N
100 0 0 0 0 0 442 N
0 100 0 0 0 0 443 N
0 100 0 0 0 0 444 N
0 100 0 0 0 0 445 N
0 100 0 0 0 0 446 N
100 0 0 0 0 0 447 N
100 0 0 0 0 0 448 N
100 0 0 0 0 0 449 N
0 100 0 0 0 0 450 N
0 100 0 0 0 0 451 N
0 100 0 0 0 0 452 N
0 100 0 0 0 0 453 N
100 0 0 0 0 0 454 N
100 0 0 0 0 0 455 N
100 0 0 0 0 0 456 N
100 0 0 0 0 0 457 N
100 0 0 0 0 0 458 N
100 0 0 0 0 0 459 N
100 0 0 0 0 0 460 N
100 0 0 0 0 0 461 N
100 0 0 0 0 0 462 N
100 0 0 0 0 0 463 N
100 0 0 0 0 0 464 N
0 100 0 0 0 0 465 N
100 0 0 0 0 0 466 N
100 0 0 0 0 0 467 N
100 0 0 0 0 0 468 N
-1 -1 0 -1 -1 -1 469 N
100 0 0 0 0 0 470 N
0 100 0 0 0 0 471 N
0 0 0 0 100 0 472 N
100 0 0 0 0 0 473 N
100 0 0 0 0 0 474 N
100 0 0 0 0 0 475 N
0 100 0 0 0 0 476 N
0 100 0 0 0 0 477 N
0 100 0 0 0 0 478 N
100 0 0 0 0 0 479 N
100 0 0 0 0 0 480 N
100 0 0 0 0 0 481 N
-1 -1 0 -1 -1 -1 482 N
0 100 0 0 0 0 483 N
0 100 0 0 0 0 484 N
100 0 0 0 0 0 485 N
0 100 0 0 0 0 486 N
100 0 0 0 0 0 487 N
100 0 0 0 0 0 488 N
100 0 0 0 0 0 489 N
0 100 0 0 0 0 490 N
0 100 0 0 0 0 491 N
0 100 0 0 0 0 492 N
0 100 0 0 0 0 493 N
0 100 0 0 0 0 494 N
0 100 0 0 0 0 495 N
100 0 0 0 0 0 496 N
100 0 0 0 0 0 497 N
100 0 0 0 0 0 498 N
100 0 0 0 0 0 499 N
100 0 0 0 0 0 500 N
100 0 0 0 0 0 501 N
100 0 0 0 0 0 502 N
100 0 0 0 0 0 503 N
100 0 0 0 0 0 504 N
100 0 0 0 0 0 505 N
100 0 0 0 0 0 506 N
100 0 0 0 0 0 507 N
100 0 0 0 0 0 508 N
100 0 0 0 0 0 509 N
-1 -1 0 -1 -1 -1 510 N
0 100 0 0 0 0 511 N
0 100 0 0 0 0 512 N
0 100 0 0 0 0 513 N
0 100 0 0 0 0 514 N
0 100 0 0 0 0 515 N
0 100 0 0 0 0 516 N
0 100 0 0 0 0 517 X
0 100 0 0 0 0 518 N
0 100 0 0 0 0 519 N
0 100 0 0 0 0 520 N
0 100 0 0 0 0 521 N
100 0 0 0 0 0 522 N
100 0 0 0 0 0 523 N
100 0 0 0 0 0 524 N
0 100 0 0 0 0 525 N
100 0 0 0 0 0 526 N
100 0 0 0 0 0 527 N
100 0 0 0 0 0 528 N
100 0 0 0 0 0 529 N
-1 -1 0 -1 -1 -1 530 N
100 0 0 0 0 0 531 N
0 100 0 0 0 0 532 N
0 100 0 0 0 0 533 N
0 100 0 0 0 0 534 N
0 100 0 0 0 0 535 N
0 100 0 0 0 0 536 N
0 100 0 0 0 0 537 N
0 100 0 0 0 0 538 N
0 100 0 0 0 0 539 N
0 100 0 0 0 0 540 N
0 100 0 0 0 0 541 N
0 100 0 0 0 0 542 N
0 100 0 0 0 0 543 N
100 0 0 0 0 0 544 N
0 100 0 0 0 0 545 N
0 100 0 0 0 0 546 N
0 100 0 0 0 0 547 N
0 100 0 0 0 0 548 N
0 100 0 0 0 0 549 N
0 100 0 0 0 0 550 N
100 0 0 0 0 0 551 N
100 0 0 0 0 0 552 N
100 0 0 0 0 0 553 N
100 0 0 0 0 0 554 N
100 0 0 0 0 0 555 N
100 0 0 0 0 0 556 N
100 0 0 0 0 0 557 N
100 0 0 0 0 0 558 N
100 0 0 0 0 0 559 N
100 0 0 0 0 0 560 N
100 0 0 0 0 0 561 N
100 0 0 0 0 0 562 N
100 0 0 0 0 0 563 N
0 100 0 0 0 0 564 N
0 100 0 0 0 0 565 N
0 100 0 0 0 0 566 N
0 100 0 0 0 0 567 N
0 100 0 0 0 0 568 N
0 100 0 0 0 0 569 N
0 100 0 0 0 0 570 N
0 100 0 0 0 0 571 N
100 0 0 0 0 0 572 N
100 0 0 0 0 0 573 N
100 0 0 0 0 0 574 N
-1 -1 0 -1 -1 -1 575 N
0 100 0 0 0 0 576 N
0 100 0 0 0 0 577 N
0 100 0 0 0 0 578 N
0 100 0 0 0 0 579 N
100 0 0 0 0 0 580 N
0 100 0 0 0 0 581 N
0 100 0 0 0 0 582 N
0 100 0 0 0 0 583 N
0 100 0 0 0 0 584 N
0 100 0 0 0 0 585 N
0 100 0 0 0 0 586 N
100 0 0 0 0 0 587 N
0 100 0 0 0 0 588 N
0 100 0 0 0 0 589 N
0 100 0 0 0 0 590 N
0 100 0 0 0 0 591 N
0 100 0 0 0 0 592 N
0 100 0 0 0 0 593 N
0 100 0 0 0 0 594 N
0 100 0 0 0 0 595 N
0 100 0 0 0 0 596 N
100 0 0 0 0 0 597 N
100 0 0 0 0 0 598 N
100 0 0 0 0 0 599 N
100 0 0 0 0 0 600 N
100 0 100 0 0 0 601 N
100 0 100 0 0 0 602 N
0 100 100 0 0 0 603 N
0 100 0 0 0 0 604 N
0 100 100 0 0 0 605 N
0 100 100 0 0 0 606 N
0 100 100 0 0 0 607 N
0 100 100 0 0 0 608 N
0 100 100 0 0 0 609 N
0 100 100 0 0 0 610 N
0 100 100 0 0 0 611 N
0 100 100 0 0 0 612 N
0 100 100 0 0 0 613 N
0 100 100 0 0 0 614 N
0 100 100 0 0 0 615 N
-1 -1 100 -1 -1 -1 616 N
100 100 0 0 0 0 617 N
100 0 100 0 0 0 618 N
100 0 0 100 0 0 619 N
0 100 0 0 0 0 620 N
0 100 0 0 0 0 621 N
0 100 0 0 0 0 622 N
0 100 0 0 0 0 623 N
0 100 0 0 0 0 624 N
-1 -1 0 -1 -1 -1 625 N
-1 -1 0 -1 -1 -1 626 N
0 100 0 0 0 0 627 N
0 100 0 0 100 0 628 N
100 0 100 0 0 0 629 N
100 0 100 0 0 0 630 N
100 0 100 0 0 0 631 N
100 0 100 0 0 0 632 N
100 0 100 0 0 0 633 N
0 100 0 0 100 0 634 N
0 100 100 0 0 0 635 N
100 0 0 0 0 100 636 N
100 0 100 0 0 0 637 X
100 0 100 0 0 0 638 X
0 100 100 0 0 0 639 X
0 100 100 0 0 0 640 N
0 100 100 0 0 0 641 N
0 100 100 0 0 0 642 X
0 100 100 0 0 0 643 X
100 100 0 0 0 0 644 X
100 0 0 0 0 0 645 X
0 100 100 0 100 0 646 X
0 100 100 0 100 0 647 X
0 100 100 0 100 0 648 X
0 100 0 0 100 0 649 X
0 100 100 0 0 0 650 X
0 0 100 0 0 100 651 X
0 100 100 0 0 0 652 X
-1 -1 100 -1 -1 -1 653 X
100 0 100 0 0 0 654 X
100 0 100 0 0 0 655 X
100 0 100 0 0 0 656 X



68
100 0 0 -1 -1 -1 -1 Y
60 40 0 0 0 0 0 N
50 20 50 50 40 50 60 Y
75 65 50 -1 -1 -1 -1 N
40 40 10 0 0 0 0 Y
40 20 100 -1 -1 -1 -1 N
100 0 0 0 0 0 -1 N
65 0 40 0 0 0 0 N
70 40 10 10 10 10 10 Y
75 30 20 0 0 0 0 N
0 100 0 0 0 0 0 N
25 75 40 60 40 30 25 N
0 80 10 5 5 0 0 Y
0 85 5 -1 -1 -1 -1 N
0 100 0 0 10 0 0 N
50 80 20 0 0 0 0 Y
50 80 20 10 0 0 0 N
0 90 10 -1 -1 -1 0 N
-1 -1 -1 -1 -1 -1 -1 Y
-1 -1 -1 -1 -1 -1 -1 Y
85 10 50 50 50 50 50 Y
60 20 20 0 0 0 0 N
100 0 0 0 0 0 0 N
80 0 10 10 0 0 0 Y
100 0 0 -1 -1 -1 -1 X
90 0 0 -1 -1 -1 -1 N
25 0 0 0 0 100 0 Y
50 65 20 -1 -1 -1 -1 Y
100 0 100 0 0 0 0 N
50 40 -1 -1 -1 -1 -1 N
0 20 80 0 0 0 0 N
0 90 75 -1 -1 -1 -1 Y
0 80 85 60 90 30 5 N
45 55 0 25 25 25 25 Y
73 100 2 0 -1 -1 -1 N
80 90 60 -1 -1 -1 -1 X
0 100 0 0 0 0 0 N
0 100 0 0 0 0 0 N
0 100 20 0 0 0 0 N
0 100 100 0 100 -1 -1 X
50 75 15 15 20 15 0 N
-1 -1 -1 -1 -1 -1 -1 N
0 65 80 90 0 0 0 Y
-1 -1 -1 -1 -1 -1 -1 N
0 100 70 -1 -1 -1 -1 Y
0 100 0 0 0 0 0 N
50 80 0 0 0 0 0 N
0 100 0 0 0 0 0 N
0 100 70 20 20 5 10 Y
0 60 60 0 60 0 0 N
-1 -1 -1 -1 -1 -1 -1 N
0 100 100 0 0 0 0 Y
10 70 20 -1 -1 -1 -1 Y
20 100 80 -1 -1 -1 -1 Y
75 95 0 -1 -1 -1 -1 Y
0 100 0 0 0 0 0 X
0 100 0 0 0 0 0 Y
0 100 0 0 0 0 0 N
0 64 40 0 0 0 0 Y
45 55 35 -1 -1 -1 -1 Y
0 100 0 0 0 0 0 Y
100 0 100 0 0 0 0 N
75 0 25 0 0 0 0 N
100 0 75 -1 -1 80 -1 Y
100 0 0 0 0 0 0 N
0 30 0 -1 -1 -1 -1 Y
0 95 1 0 20 0 0 X
0 100 100 20 100 0 20 Y



54
100 0 0 0 0 0 0 N
60 40 5 0 0 0 0 N
100 0 0 0 0 0 0 N
0 100 0 0 0 0 0 N
0 100 50 0 0 0 0 N
0 50 20 10 10 10 10 Y
0 100 0 0 0 0 0 N
40 60 20 5 5 5 5 Y
40 70 0 30 30 30 20 Y
10 90 10 0 0 0 0 Y
90 10 5 0 0 0 0 Y
0 98 0 0 0 0 0 N
90 90 0 0 0 0 0 N
75 20 20 20 20 0 0 Y
0 100 0 0 0 0 0 N
0 98 5 10 10 0 0 N
0 0 5 0 0 0 0 N
0 100 0 0 0 0 0 N
30 70 0 0 0 0 0 N
100 0 20 0 0 0 0 X
100 0 0 50 0 50 0 Y
0 90 10 2 15 3 0 N
100 20 50 0 0 50 0 N
98 0 50 60 60 0 40 N
50 50 20 0 0 0 0 Y
100 0 0 0 0 0 0 Y
0 85 75 60 50 0 45 N
50 80 75 0 72 5 15 N
35 65 75 4 2 15 0 N
25 80 0 0 0 0 0 N
0 50 75 0 0 0 0 Y
100 0 30 0 0 0 0 Y
0 75 1 0 0 0 0 N
90 0 20 0 0 0 10 N
80 0 0 0 0 0 0 X
80 0 5 30 20 10 5 N
0 100 0 0 0 0 0 N
0 100 10 0 0 0 0 N
70 30 0 0 0 0 0 N
85 15 0 0 0 0 0 N
40 65 0 20 21 0 0 N
0 85 25 15 0 0 0 Y
20 80 10 0 0 0 0 Y
10 75 5 5 5 0 5 Y
85 30 70 20 10 0 0 Y
80 50 10 25 0 0 0 N
90 0 0 0 0 80 0 N
0 100 30 0 0 0 0 N
60 40 5 0 0 0 0 N
70 60 0 0 0 0 0 Y
0 70 40 0 0 0 0 N
50 60 10 0 0 0 0 N
0 100 50 0 0 0 0 N
20 25 30 50 25 0 0 Y 



--------------end of file---------------------
